36
0 30 9 0 4 18 3 0 23 0 0 15 24 11 21 28 35 0 0 1 33 26 0 12 22 0 20 34 32 0 8 0 2 0 31 36
2 0 3 0 7 26 5 14 4 34 20 18 10 27 33 15 31 25 0 6 0 30 35 0 16 0 23 12 0 0 0 17 32 19 0 28
0 0 35 28 32 14 0 0 0 26 0 12 5 0 0 34 0 0 23 29 2 27 3 0 24 30 4 17 21 18 0 0 7 25 10 15
0 15 0 27 31 0 24 28 9 30 35 6 16 12 0 13 0 0 0 0 32 18 0 19 0 1 3 0 7 25 5 11 4 34 20 0
24 6 0 0 0 19 10 0 7 0 2 36 0 0 4 17 22 0 0 0 16 0 31 15 5 11 35 0 0 14 23 1 3 26 33 12
16 0 23 12 0 25 22 0 32 11 21 19 2 29 3 26 7 1 0 34 0 28 0 14 0 15 0 0 31 0 24 0 9 30 35 6
14 32 18 21 0 22 27 0 26 0 13 2 0 0 28 20 0 5 0 33 25 0 36 10 17 0 19 0 34 24 29 23 15 8 0 16
0 23 0 0 0 3 11 0 28 0 0 0 1 0 0 16 12 2 6 22 34 32 19 35 0 31 0 7 36 10 0 5 17 0 0 0
11 4 34 0 0 5 15 0 36 0 25 0 17 9 19 35 0 24 12 23 27 8 29 16 6 0 0 0 14 0 1 3 26 7 13 0
1 10 0 0 12 2 0 0 34 0 19 9 0 7 0 3 36 23 30 0 0 4 18 20 13 33 25 16 15 0 0 0 28 32 0 0
0 0 0 35 0 24 29 23 12 0 1 16 14 0 0 0 6 22 26 3 15 0 13 0 28 4 11 0 18 5 25 0 36 0 0 0
0 8 27 0 0 0 0 0 17 35 0 0 13 10 25 33 0 0 0 24 28 0 0 0 1 23 26 2 0 3 6 0 34 0 0 21
4 17 21 0 0 30 0 25 16 0 0 13 0 0 35 14 0 0 7 0 10 12 2 1 0 0 22 19 0 6 31 0 23 36 3 29
0 0 0 29 2 0 4 6 20 18 0 0 33 26 0 27 0 12 9 28 35 19 0 17 23 13 0 0 0 0 32 30 21 14 22 11
0 0 24 14 0 0 31 26 0 0 10 0 0 34 0 19 21 6 3 27 0 36 0 29 20 17 5 18 4 0 33 25 16 15 0 13
0 25 31 13 0 0 0 11 35 0 0 28 23 0 8 29 16 15 32 14 0 0 22 30 0 12 0 36 2 0 0 0 20 18 5 17
32 34 22 19 0 6 23 27 3 36 7 29 0 0 24 18 5 0 0 0 31 0 0 13 0 0 21 0 35 11 10 0 8 0 2 1
23 12 0 26 0 1 32 0 21 17 22 0 3 0 7 36 0 0 0 18 20 11 5 34 0 27 0 0 10 29 9 0 0 0 24 19
18 21 0 22 11 0 25 7 29 2 0 3 30 0 14 0 17 4 36 31 0 0 0 33 0 35 28 24 6 9 0 8 0 0 15 0
25 7 15 2 0 23 28 0 14 32 0 0 26 0 0 10 1 3 34 5 19 20 0 22 27 16 0 0 0 0 0 9 0 0 30 0
0 0 14 0 34 4 36 31 0 10 0 33 0 35 0 24 28 9 15 8 12 16 0 23 0 21 17 0 19 32 27 0 29 2 1 3
26 31 0 0 0 33 0 0 19 22 0 0 0 2 36 8 29 7 0 35 18 24 30 4 25 3 15 0 13 23 28 0 14 21 0 5
0 0 30 0 0 9 1 8 15 0 27 23 34 0 6 0 0 32 0 0 0 0 0 3 0 0 18 0 11 0 0 31 12 10 25 33
27 3 0 0 29 0 17 35 18 5 30 0 0 31 0 0 0 0 0 9 14 0 0 32 0 0 0 0 0 7 34 0 19 0 6 0
0 18 5 0 0 17 16 0 31 13 0 0 21 0 22 0 0 0 0 12 7 1 23 26 4 0 0 0 20 0 0 0 10 0 8 0
7 0 0 0 0 12 20 19 5 14 0 17 0 15 10 0 0 0 0 11 0 0 9 18 8 36 16 0 0 27 0 6 0 28 0 0
20 0 0 11 9 28 7 12 8 0 23 26 35 19 5 6 24 34 0 0 3 29 0 0 21 0 0 0 22 17 0 0 33 13 16 0
31 0 10 25 33 13 0 0 24 6 9 30 8 36 16 0 23 0 21 0 22 17 32 28 7 0 0 1 3 15 20 0 5 11 4 18
21 19 32 6 0 34 2 0 0 29 3 27 9 18 20 30 0 17 0 15 0 0 16 0 0 0 24 0 5 28 7 0 31 1 0 26
8 0 0 15 23 36 0 18 22 0 32 11 7 13 2 0 0 27 20 0 0 0 4 6 31 0 0 29 0 0 35 0 24 0 9 0
19 0 0 32 0 0 26 2 1 3 15 7 28 0 0 4 34 20 0 0 36 33 12 31 11 0 0 9 0 35 13 16 25 23 29 0
0 2 0 23 25 10 0 0 0 21 28 5 12 3 1 7 0 33 0 0 0 0 0 0 36 8 0 31 0 16 0 0 0 24 17 0
34 5 28 4 14 20 0 10 0 33 29 31 0 0 17 9 11 0 13 16 26 23 0 0 18 0 0 32 0 0 15 0 27 3 36 7
0 0 0 8 0 31 19 20 6 0 34 0 0 0 29 2 27 10 18 4 30 0 0 24 15 7 0 3 0 0 14 21 11 0 0 0
0 24 11 9 18 35 13 16 0 23 0 8 6 22 0 0 14 0 25 2 0 3 15 7 0 5 34 0 28 20 12 10 1 33 26 0
36 33 29 3 27 7 18 0 30 0 0 22 15 16 13 0 0 0 14 0 11 5 28 21 12 10 0 23 0 0 19 20 6 0 0 9