36
0 16 13 1 34 4 7 33 21 35 0 0 0 25 32 28 26 2 0 0 0 29 0 27 0 12 31 17 0 0 18 3 0 6 15 0
0 27 7 29 36 0 32 4 0 0 13 28 15 35 30 0 10 0 11 17 8 24 0 12 19 20 21 6 0 3 34 25 5 0 0 0
26 12 0 17 22 24 0 3 0 0 0 9 11 16 13 1 8 4 30 33 7 0 15 0 0 25 5 0 32 0 36 20 19 0 21 27
19 0 21 35 0 0 34 0 0 16 26 12 0 20 7 27 36 0 32 25 22 28 0 2 15 0 30 23 10 9 11 0 8 24 31 4
0 0 11 0 8 2 15 20 0 29 19 0 34 12 31 0 5 24 36 3 18 0 0 9 0 16 13 1 22 0 0 33 0 35 14 0
0 0 0 9 10 0 0 25 8 0 0 2 19 0 21 0 0 23 34 16 5 0 26 0 14 0 0 0 36 35 32 28 0 12 0 17
4 22 0 0 0 0 33 30 0 0 3 0 12 0 28 31 16 11 0 21 0 0 0 19 1 5 17 0 2 34 6 0 0 36 23 14
0 0 6 0 9 7 0 26 0 0 4 31 33 19 35 0 0 0 25 32 0 5 0 0 20 0 29 36 0 0 0 0 0 11 0 0
0 5 28 0 12 34 23 7 0 0 35 14 2 0 4 13 0 0 0 30 0 10 33 15 0 8 0 31 25 11 20 21 0 18 9 19
20 18 0 0 27 15 12 22 17 32 0 0 0 36 0 30 0 7 16 26 1 31 4 0 33 21 35 10 23 14 25 0 28 0 0 5
0 0 0 0 0 0 0 21 0 0 0 19 24 5 0 26 17 34 9 0 23 36 27 14 28 22 4 13 0 32 0 30 3 0 33 15
33 0 35 30 0 36 25 5 28 0 2 11 20 14 29 21 0 0 0 0 17 0 0 22 0 0 6 15 9 0 16 26 0 0 4 32
34 1 0 4 5 0 21 35 10 0 15 33 0 0 22 2 0 25 0 0 30 0 0 20 31 17 8 24 26 12 0 0 0 0 36 3
7 29 36 3 14 0 22 1 0 0 32 0 30 0 0 0 0 0 8 0 31 16 0 0 0 33 18 27 19 0 0 12 0 0 0 25
11 17 8 24 31 0 0 6 14 0 7 0 0 0 0 4 34 16 0 35 36 23 0 33 0 0 32 0 13 25 21 29 15 0 30 0
21 0 18 20 0 27 5 0 26 28 34 0 7 33 36 0 0 0 22 12 0 17 32 1 0 3 0 35 0 6 8 16 0 0 11 24
13 28 22 2 26 25 19 0 36 27 0 20 32 17 8 24 31 12 21 6 0 9 0 3 0 1 0 0 34 0 10 35 18 0 0 0
30 33 0 23 0 0 0 0 0 12 11 0 21 3 18 6 0 0 5 0 26 2 0 25 7 9 36 29 14 20 0 0 13 1 0 0
2 0 16 32 0 22 29 0 0 0 23 30 25 0 24 11 12 8 3 0 33 19 0 21 0 26 1 34 0 5 27 36 20 14 6 7
6 0 9 18 0 10 0 11 4 31 16 32 35 0 0 0 33 21 0 5 2 0 0 0 29 0 0 7 0 36 0 13 24 8 12 0
24 26 0 0 0 5 0 36 33 14 0 7 1 13 0 0 2 22 27 10 0 15 0 0 12 0 28 11 0 8 9 18 23 19 35 21
29 14 0 0 0 21 0 13 24 5 0 0 0 30 9 19 3 0 1 34 0 11 0 8 35 10 23 0 33 15 28 22 0 0 25 0
12 31 1 11 17 8 27 0 0 19 9 0 4 26 0 34 28 5 20 36 35 14 23 0 25 13 0 32 0 22 0 10 33 0 3 30
0 0 0 36 0 19 0 8 2 0 25 34 0 7 0 18 20 10 17 31 24 32 0 13 0 14 0 21 0 0 0 0 4 26 16 0
31 0 0 16 13 1 30 23 0 0 0 35 5 0 0 25 32 28 0 0 14 0 0 29 0 24 0 0 11 17 15 0 7 0 0 6
0 0 14 0 0 0 0 28 32 4 0 1 10 29 15 3 0 6 31 2 0 0 8 17 18 0 0 20 21 27 0 0 34 25 5 0
22 0 5 12 0 17 0 0 0 0 0 6 8 4 34 16 0 1 0 23 0 0 30 35 32 2 0 25 0 0 14 0 0 20 0 29
0 0 19 6 21 0 26 0 0 0 5 0 0 27 0 33 0 0 0 0 32 0 22 28 10 35 15 3 0 29 31 0 0 17 0 0
8 0 26 0 32 0 0 27 15 20 10 0 0 24 11 12 0 17 7 0 0 0 18 6 13 4 34 16 5 1 30 23 36 33 0 0
10 0 15 0 30 0 0 0 11 2 8 17 0 23 0 0 0 20 0 0 0 25 5 0 36 6 0 9 7 33 13 0 0 0 0 12
0 32 12 0 0 13 35 0 0 0 33 10 16 0 0 0 25 31 23 19 0 21 6 18 2 0 24 5 0 26 3 0 9 0 0 36
0 0 3 15 0 30 0 0 16 11 1 0 23 10 33 7 0 0 2 0 25 0 28 5 27 0 0 0 29 21 0 32 0 22 17 26
0 34 17 5 16 0 6 14 0 7 0 0 28 0 0 0 24 13 0 0 9 30 0 10 4 0 12 8 0 31 33 19 35 0 20 18
27 19 20 0 29 0 24 32 12 8 0 5 9 0 0 36 6 30 4 0 16 0 1 31 23 15 33 14 0 7 2 0 25 34 0 13
1 0 24 8 2 0 0 0 0 0 29 0 0 0 12 0 4 26 33 14 0 7 0 0 0 32 25 22 0 13 23 15 0 0 27 10
23 7 0 21 0 14 0 34 25 0 28 0 27 18 20 0 0 19 24 11 12 13 0 32 9 36 3 30 6 0 4 31 16 0 0 8