49
21 0 0 35 32 0 49 44 45 0 43 9 42 14 37 0 31 11 38 28 34 0 0 0 23 26 0 0 0 6 48 25 0 0 8 1 19 0 7 0 41 39 18 29 40 2 0 0 0
13 10 48 11 38 28 0 15 0 0 23 26 46 4 0 6 40 25 36 27 0 1 45 22 7 0 41 39 37 29 31 2 24 12 5 0 33 30 0 32 47 49 44 3 16 43 9 0 14
44 0 40 25 0 0 8 1 0 0 7 0 41 0 15 29 0 2 24 12 0 21 33 30 0 32 0 49 18 3 16 43 9 42 14 13 45 48 11 38 0 0 37 19 31 23 26 46 0
0 29 31 2 24 0 5 21 0 0 0 32 0 0 0 3 0 0 0 0 0 13 10 48 11 0 28 34 15 19 0 23 26 46 4 0 6 40 25 36 27 8 0 0 22 0 0 41 0
1 3 16 0 0 42 14 13 29 0 11 38 28 34 0 19 30 23 26 46 4 18 6 40 25 36 27 8 0 45 22 0 17 0 39 37 0 31 0 24 12 5 15 33 0 0 0 47 49
0 19 0 23 26 46 4 18 6 40 25 36 27 8 0 45 22 7 17 41 0 37 29 31 2 24 12 0 0 33 30 35 32 47 0 44 3 16 43 9 0 0 13 10 48 0 0 0 0
18 45 22 7 0 0 39 0 3 31 2 0 12 5 13 0 48 35 0 47 0 44 0 0 43 9 42 14 0 10 0 11 0 28 34 15 29 20 23 26 0 4 0 6 30 25 36 27 0
33 40 35 32 0 49 21 3 0 7 9 0 14 44 0 31 0 38 0 34 13 19 0 43 26 46 4 15 0 48 25 36 0 0 18 45 22 23 0 41 39 0 29 0 2 24 12 5 37
10 0 0 0 28 34 13 0 0 0 0 46 0 15 6 40 25 36 27 0 0 45 22 7 17 41 39 1 29 31 2 24 12 5 37 0 30 0 0 47 49 21 3 16 43 0 0 14 0
6 16 25 36 27 0 0 45 22 0 17 41 39 0 29 0 0 0 0 5 37 33 0 35 32 0 0 21 3 40 43 0 42 14 44 0 48 7 38 28 34 13 19 31 23 0 0 4 15
0 31 2 0 0 0 37 33 0 0 32 47 49 0 0 16 43 9 42 0 44 10 0 11 38 0 34 0 0 20 23 26 46 0 15 0 0 25 0 27 8 18 0 22 7 0 41 39 1
0 0 43 9 42 14 44 0 48 0 38 28 34 13 19 30 0 0 0 4 15 6 0 25 36 27 0 18 0 0 7 17 41 0 1 29 31 11 0 0 0 37 0 20 35 32 47 49 21
0 20 0 26 0 0 0 0 40 0 36 0 8 18 45 22 7 17 0 0 1 0 31 0 24 12 5 37 0 0 0 0 47 49 21 3 16 43 9 42 14 0 10 0 0 38 0 34 13
45 30 7 17 41 0 0 0 0 43 24 12 5 37 33 0 35 32 47 0 21 3 0 23 9 42 14 44 10 22 0 38 28 0 0 0 0 0 0 46 0 15 6 40 25 36 0 0 0
30 35 0 47 49 21 0 0 43 9 0 14 1 3 31 0 24 0 5 13 0 20 0 26 46 0 0 19 48 25 38 0 34 18 10 22 7 17 41 0 15 45 40 2 36 12 0 37 33
48 11 0 0 34 13 0 0 23 0 46 0 0 19 40 25 36 27 0 18 6 22 7 0 0 39 0 45 0 0 24 12 0 37 0 0 0 32 0 49 21 33 16 43 9 0 14 44 3
40 25 36 0 0 18 3 22 7 0 41 0 0 0 20 0 26 12 4 37 0 0 0 32 47 49 21 33 16 43 9 0 14 0 6 48 0 38 0 0 1 0 0 0 0 46 5 15 29
31 0 24 12 0 37 29 30 35 32 0 0 21 0 16 43 9 42 14 44 0 48 11 0 28 0 0 0 0 23 0 46 4 0 0 40 25 36 27 8 18 6 0 0 17 41 39 1 0
16 43 9 0 14 44 45 0 0 0 0 34 37 0 0 23 32 46 49 15 0 40 25 36 0 8 18 0 22 0 17 41 39 0 3 31 0 24 12 5 13 29 20 35 0 0 4 0 19
20 0 0 0 4 15 19 40 25 0 27 8 18 6 22 7 17 0 0 1 0 0 0 24 12 5 37 29 30 35 32 0 0 21 0 16 43 0 42 14 44 3 0 0 38 0 34 0 0
22 7 17 0 0 1 33 31 2 0 0 0 44 0 48 35 38 0 34 0 10 0 43 0 42 0 0 3 40 11 36 0 8 13 0 0 23 26 0 0 0 0 0 25 0 27 49 18 0
35 32 0 49 21 33 30 43 9 42 0 44 3 16 0 24 0 0 13 0 48 0 0 0 4 0 19 20 0 0 0 0 18 6 40 7 0 0 39 0 45 0 2 0 12 0 37 29 31
11 38 28 34 13 10 0 0 26 46 4 15 19 20 0 0 27 8 0 0 40 0 17 41 0 1 0 22 2 0 0 5 37 0 0 0 32 0 49 21 0 30 0 9 42 14 44 3 16
25 0 27 0 18 6 0 0 17 41 39 1 0 22 2 0 12 0 37 0 31 0 0 0 49 21 33 30 0 36 42 8 0 3 16 11 38 0 34 0 10 0 23 24 46 5 15 19 20
0 24 0 5 37 29 31 35 32 47 49 21 0 30 0 9 42 0 44 3 0 11 38 28 34 13 10 48 23 26 46 4 0 19 0 0 36 27 0 18 0 40 7 17 41 39 1 45 0
43 0 42 0 44 0 16 0 38 0 0 13 10 0 23 32 0 49 15 0 20 25 0 0 8 0 0 0 7 9 0 14 1 0 0 2 24 0 5 0 29 31 35 26 0 0 21 0 30
23 0 46 4 15 0 20 25 0 27 8 18 6 40 7 0 41 0 1 45 0 2 24 12 5 37 29 31 0 32 47 49 21 0 30 43 0 42 0 44 3 0 0 38 28 34 13 10 48
7 0 41 0 1 0 22 2 0 12 5 0 29 31 35 38 47 0 0 0 30 43 0 42 0 0 3 0 0 17 0 39 13 0 48 23 0 46 4 15 0 20 25 0 0 49 18 0 0
32 47 8 21 33 30 25 9 0 0 44 3 0 43 24 28 0 13 29 0 35 0 0 4 15 19 0 23 38 27 34 0 0 40 11 0 41 0 1 45 22 7 0 0 0 0 0 31 0
38 28 0 0 0 0 11 26 46 4 0 0 20 0 36 27 8 0 6 40 25 0 0 0 0 0 22 0 24 12 5 37 29 0 2 0 47 49 21 0 0 35 0 42 14 0 3 16 43
9 0 14 18 6 40 43 17 41 39 0 45 22 7 0 12 0 37 19 0 2 32 47 49 21 33 30 35 0 42 8 44 3 0 0 38 28 34 13 10 0 11 0 0 0 15 29 20 23
24 12 5 37 29 31 0 0 47 49 21 0 30 35 9 0 14 44 3 0 0 38 28 34 13 0 0 11 26 46 4 15 19 20 23 36 0 8 18 6 0 25 0 0 39 1 0 22 7
17 42 0 0 3 16 7 38 28 34 13 10 48 11 32 46 49 15 33 0 23 36 27 0 0 0 40 0 0 0 0 1 45 22 0 24 12 5 0 29 31 0 26 47 0 21 19 30 0
26 46 0 0 19 0 23 0 0 8 0 6 40 25 17 0 39 1 0 0 0 24 12 5 0 0 0 2 32 47 49 0 33 0 0 9 42 0 44 0 0 43 38 0 34 0 10 48 11
36 0 49 0 45 22 0 24 12 0 0 29 31 2 38 47 34 0 10 30 11 9 0 0 44 0 0 43 0 0 0 0 6 48 7 26 46 4 15 0 20 23 32 27 8 18 0 40 25
47 49 0 33 30 35 32 42 0 0 3 16 43 9 28 34 0 0 48 11 38 46 4 44 19 0 0 26 0 0 0 0 0 25 36 0 39 15 0 22 7 0 0 0 0 6 31 0 24
0 34 13 10 48 0 38 0 4 15 0 20 0 0 27 8 0 6 40 0 36 41 0 0 45 22 7 17 12 5 37 29 31 2 24 47 0 21 33 0 0 32 0 14 44 0 0 43 9
27 0 18 3 40 0 36 41 39 0 45 22 7 17 0 0 37 19 31 2 24 0 49 0 33 30 0 0 42 14 44 0 16 0 0 28 34 1 0 48 11 38 46 0 0 0 0 23 0
12 0 37 0 0 2 0 47 49 21 0 0 0 32 0 14 0 3 16 0 0 28 0 13 10 48 11 0 0 4 15 19 20 23 26 27 0 18 6 40 0 36 41 39 1 0 22 7 0
0 0 44 45 0 0 9 28 34 37 0 0 11 38 46 0 0 33 0 0 26 27 8 18 6 0 0 36 0 39 1 3 22 0 17 12 0 13 29 0 0 0 47 49 0 19 0 0 32
46 4 15 19 20 23 26 0 0 18 6 40 0 0 0 39 1 0 22 7 0 12 5 37 29 31 2 24 47 49 21 33 0 35 32 42 14 0 3 16 43 9 28 34 13 10 48 11 38
41 39 1 6 22 7 17 12 5 44 29 31 0 24 0 49 21 10 0 35 0 42 14 15 3 0 43 9 28 0 13 0 48 0 38 0 0 37 19 20 0 26 0 8 0 0 40 25 0
49 21 0 0 35 32 0 14 44 0 16 43 17 42 0 13 0 48 2 38 12 4 15 19 20 23 9 46 34 18 0 0 11 36 0 0 1 0 22 7 26 41 0 0 6 31 25 0 0
34 13 10 48 11 38 28 4 15 19 0 23 0 46 8 18 0 0 25 36 0 0 1 0 22 0 0 41 0 0 29 31 2 24 12 49 21 33 30 0 32 47 0 44 3 16 0 0 42
8 18 3 40 25 0 0 39 1 45 22 0 38 0 4 37 0 31 23 0 46 49 21 33 30 35 32 47 14 44 6 16 43 9 27 34 13 0 48 11 17 0 0 15 29 20 2 26 0
5 37 29 31 0 24 12 0 0 33 0 0 32 47 14 44 3 0 43 0 0 0 0 10 48 11 38 28 4 15 19 20 23 26 46 8 18 0 40 25 36 27 39 1 45 22 7 17 41
0 44 45 0 43 9 0 34 13 0 48 0 0 28 0 15 33 20 35 26 47 8 18 6 40 25 0 27 39 1 3 22 0 17 42 0 0 0 0 0 0 12 0 0 19 30 23 32 46
4 15 19 0 0 26 46 8 0 6 40 25 0 27 0 1 0 0 7 17 0 0 37 0 31 0 24 12 49 21 33 30 0 32 47 0 44 0 16 0 0 42 34 13 10 48 0 0 0
39 1 6 22 7 17 27 0 37 0 31 2 9 12 34 21 0 30 0 0 28 0 0 3 0 0 26 42 0 13 45 48 25 0 0 0 15 19 0 0 24 0 49 0 33 40 35 36 0