49
2 0 8 0 28 0 13 14 0 1 15 0 3 20 9 10 0 36 0 0 40 34 32 21 30 31 27 46 29 7 11 4 45 33 18 23 0 37 0 0 19 0 0 22 6 24 12 0 0
0 22 0 24 0 48 16 0 0 8 43 28 39 0 14 0 1 15 25 3 20 0 10 0 36 5 42 0 34 32 0 30 0 27 0 0 7 0 0 45 33 0 0 0 37 0 47 0 0
23 38 37 49 47 19 41 0 0 6 24 12 48 16 0 44 0 0 0 39 13 14 35 1 15 25 0 20 0 10 0 0 5 0 0 34 32 21 0 0 27 0 0 7 11 0 45 0 0
29 7 0 4 0 33 0 0 0 37 49 47 19 41 26 22 0 24 0 0 16 0 44 8 43 28 39 13 0 0 1 15 25 3 0 9 0 17 36 5 0 0 34 32 21 30 31 0 46
34 0 21 30 31 27 0 29 7 11 4 45 33 18 0 38 37 49 47 19 41 26 0 6 24 12 0 16 0 0 8 43 0 0 13 14 35 1 15 0 3 20 9 10 17 36 5 42 0
9 10 17 0 5 42 40 0 0 21 30 31 27 46 29 7 0 4 45 0 0 0 38 37 0 47 19 41 26 22 6 24 0 0 16 2 0 8 0 28 39 13 14 35 1 15 25 3 20
14 0 0 15 25 3 20 9 10 17 36 5 42 40 34 32 21 30 0 27 0 29 7 11 4 45 33 18 0 38 37 0 0 0 41 26 0 6 0 12 48 0 0 44 0 43 28 0 13
44 8 43 28 39 0 2 0 1 15 25 3 20 14 10 0 36 0 0 0 9 32 21 0 31 27 0 34 0 0 0 45 33 0 0 38 37 49 0 19 41 23 22 6 24 12 48 16 0
22 6 0 12 48 16 0 44 8 43 28 39 0 2 35 0 0 25 3 0 14 0 0 0 0 42 0 0 32 21 0 31 0 0 0 7 11 4 45 33 18 29 0 0 49 47 19 0 23
38 37 49 47 19 41 23 0 6 0 0 48 16 0 44 0 43 28 0 13 0 35 1 15 0 3 0 0 10 17 36 5 42 0 9 32 0 30 0 27 46 0 7 11 4 45 0 18 0
0 11 0 0 33 0 0 38 0 0 47 19 41 0 0 6 0 12 0 0 26 0 8 0 28 39 13 2 0 1 0 25 3 20 14 10 17 0 5 0 40 0 32 21 0 0 0 0 34
32 0 0 0 0 46 34 0 11 4 0 33 18 29 0 37 49 47 19 0 23 22 0 24 12 48 16 26 44 8 43 0 39 13 2 35 1 0 0 3 20 14 10 17 0 5 42 40 0
0 0 36 5 42 0 9 32 21 30 31 0 46 34 0 11 4 0 0 18 29 38 37 0 47 19 41 23 0 6 0 12 0 0 0 44 8 43 28 0 0 2 35 0 15 25 3 0 14
35 1 15 0 3 0 14 0 0 36 5 42 0 0 32 21 0 31 27 46 34 7 11 4 45 33 18 29 38 37 0 47 19 0 0 22 0 0 12 0 0 26 44 8 43 0 0 0 2
0 0 0 39 13 0 44 0 0 25 0 20 0 0 0 36 5 42 0 9 10 21 30 31 0 46 34 32 11 4 45 33 18 29 7 37 0 0 19 41 23 38 6 24 12 48 16 0 22
0 24 0 48 16 0 22 8 43 28 39 13 0 44 1 15 0 3 20 0 35 17 36 5 0 0 9 10 21 0 0 27 0 34 32 11 4 45 33 18 29 7 0 49 47 0 0 23 38
37 49 0 0 41 23 38 0 24 0 48 16 0 22 8 43 28 0 13 2 44 1 15 0 3 0 14 35 17 0 5 42 0 9 0 0 30 31 27 46 0 32 0 0 45 33 0 29 7
0 0 0 33 18 0 7 37 49 0 19 41 23 0 6 0 12 48 16 26 22 0 43 28 39 0 0 44 1 0 0 3 0 0 0 17 0 5 42 0 0 10 0 30 0 0 46 0 32
21 30 0 27 46 34 32 11 0 0 33 0 29 7 37 49 0 19 41 0 38 0 0 12 48 0 26 22 8 43 28 39 13 0 0 0 15 0 0 20 14 35 17 36 5 0 0 0 10
17 36 0 42 0 9 0 21 30 31 0 0 34 32 11 4 45 33 0 0 7 37 49 47 19 0 23 38 6 24 12 48 16 0 0 0 0 28 39 13 2 44 1 15 25 0 0 14 35
0 15 25 3 20 14 0 0 36 0 0 0 9 0 21 30 31 27 0 34 0 0 4 45 33 18 29 0 0 0 47 19 41 0 38 6 24 12 48 16 0 22 0 0 28 0 0 0 0
43 28 39 13 2 44 8 15 0 3 0 14 35 1 36 5 0 40 0 10 17 30 31 27 46 0 32 21 0 0 33 0 0 7 11 49 47 19 0 23 38 37 0 12 48 16 26 22 0
0 12 48 16 0 22 6 0 0 39 13 0 44 8 15 25 3 0 0 35 1 36 5 0 40 9 10 17 0 31 27 46 34 32 21 0 0 33 18 29 0 0 49 47 19 41 0 38 37
0 47 19 41 0 38 37 24 12 0 16 26 0 6 43 28 39 13 0 44 0 15 0 3 0 0 35 1 36 5 42 40 9 10 17 30 31 27 0 0 32 21 4 45 0 18 0 7 11
4 45 0 18 0 7 0 49 47 0 0 23 38 37 24 12 48 0 26 22 6 43 28 39 13 2 44 0 0 0 3 0 14 0 1 36 5 42 40 0 0 0 0 0 27 0 34 32 21
0 0 27 46 34 32 21 4 0 33 18 29 7 11 49 0 19 41 23 38 37 24 12 48 0 0 22 6 43 28 0 13 2 44 8 15 25 3 20 14 35 0 36 0 42 0 9 0 17
36 5 0 40 0 0 0 30 31 0 0 34 32 21 4 0 33 0 29 7 0 49 47 19 0 23 38 0 24 0 48 16 26 22 0 43 0 0 0 0 0 8 15 25 0 20 14 35 1
0 25 3 20 0 0 0 36 5 0 40 0 10 17 30 0 27 0 34 32 21 4 45 33 0 29 7 0 0 47 19 41 0 0 0 0 12 48 0 0 0 0 43 28 0 13 2 44 8
28 39 13 0 44 8 43 25 3 0 14 35 0 15 5 0 0 9 10 17 0 0 27 0 34 32 0 30 45 33 18 0 7 11 4 47 0 0 23 0 0 49 0 48 0 0 22 6 0
0 48 0 0 22 0 24 28 39 13 2 44 8 43 0 3 20 0 0 1 15 5 42 0 0 0 17 0 0 27 46 0 0 21 0 45 33 0 29 7 11 0 47 0 41 23 38 37 49
47 19 41 0 0 37 49 12 0 16 0 22 0 0 28 0 13 0 0 8 0 25 0 20 0 0 1 0 5 0 0 0 10 17 36 0 27 46 34 0 0 30 0 33 0 0 7 0 0
45 33 0 29 0 11 0 47 19 0 23 0 37 49 12 48 16 0 22 6 24 0 39 13 2 44 0 0 25 3 20 14 35 1 15 0 42 40 9 10 17 36 31 27 0 34 32 21 30
31 0 46 0 0 21 30 0 33 18 29 7 11 0 47 0 41 23 38 0 49 12 48 16 26 22 0 24 28 0 13 0 0 0 43 0 0 20 14 35 1 15 5 42 40 9 10 0 36
0 42 40 0 0 17 36 31 0 46 34 0 0 30 0 33 18 0 7 0 4 47 19 41 23 38 37 0 12 48 0 26 0 6 24 0 0 0 2 44 0 43 25 3 0 0 35 0 15
25 3 0 14 0 1 0 0 0 40 9 0 17 36 0 0 46 34 0 21 30 45 0 18 29 0 11 4 47 0 41 23 0 0 49 12 48 16 26 22 6 24 28 39 13 0 0 8 43
0 13 0 0 8 43 28 3 20 14 0 1 15 0 42 40 0 10 17 0 5 0 46 0 32 21 30 0 0 0 29 7 11 4 45 0 0 0 38 37 49 0 48 16 26 22 0 24 0
0 16 26 22 0 24 0 39 13 2 44 0 0 0 0 0 14 35 0 15 25 42 40 9 10 0 36 0 27 46 34 32 21 0 0 0 18 0 7 0 0 0 0 41 0 38 0 0 0
0 0 23 38 37 0 47 48 16 0 22 6 24 0 39 0 2 44 8 43 0 3 20 14 35 1 15 25 42 0 0 10 0 0 5 0 0 34 0 21 30 0 0 18 29 7 0 4 45
33 18 0 7 11 4 45 0 0 23 38 0 49 47 0 16 26 0 0 24 0 39 0 2 0 8 0 28 0 0 0 0 1 15 0 42 40 9 10 17 0 0 27 46 34 32 0 0 31
0 46 34 32 21 30 31 0 0 29 7 0 0 45 19 41 23 38 37 49 47 48 0 26 22 0 24 12 39 0 0 44 8 0 28 0 0 14 35 1 15 25 42 40 9 10 17 36 5
42 0 9 0 17 36 0 27 46 34 0 21 0 31 33 18 29 7 0 4 45 19 41 0 38 0 49 0 48 16 0 22 6 0 12 39 0 2 44 8 43 28 3 20 14 0 1 15 25
0 0 14 35 0 15 25 0 0 9 0 17 0 0 0 46 34 32 0 30 0 33 18 0 7 0 0 0 0 0 23 38 37 49 47 48 0 0 22 6 24 12 0 13 0 44 8 0 28
0 0 44 0 43 28 0 0 14 35 0 0 0 0 0 0 10 17 36 5 42 0 34 0 21 30 31 27 0 29 7 0 0 0 0 41 23 38 37 49 47 19 16 0 22 6 24 12 48
16 0 22 6 0 12 48 13 2 0 0 43 0 39 20 0 35 1 0 25 3 40 0 10 0 36 0 0 46 0 32 21 30 31 27 0 0 7 11 4 45 33 0 23 0 37 49 47 0
41 23 38 37 0 47 19 16 0 22 6 24 0 48 0 0 44 8 43 28 39 20 0 35 0 15 0 3 40 9 10 17 36 5 0 0 0 0 21 30 0 27 18 29 7 11 0 45 33
18 29 7 11 4 0 33 41 23 38 0 0 47 0 16 26 22 0 24 12 0 13 2 44 8 0 28 39 0 14 0 1 15 25 3 0 9 0 17 36 5 42 0 34 0 0 30 31 27
0 0 32 21 0 31 27 0 0 0 0 0 45 33 0 0 0 37 49 47 0 0 0 22 6 24 0 48 13 0 44 8 0 0 39 20 0 35 1 15 0 3 40 0 0 17 36 0 42
40 0 0 17 36 0 0 0 34 32 21 30 31 27 0 0 7 11 4 45 0 41 23 0 37 0 47 0 16 0 0 6 24 12 48 13 2 44 8 43 0 0 20 0 35 1 15 0 0
0 14 35 0 15 25 0 40 0 0 0 0 0 42 0 34 32 21 0 31 0 18 29 0 0 4 0 33 41 23 38 0 0 0 19 16 0 22 6 24 12 48 0 0 0 8 0 28 39